15
17
2
X C s
856 63 30 40
START
0
0
i
856 151 35 113
X
0
1
1
d
856 229 40 78
X>0
0
1
2
i
577 344 35 113
B
0
1
3
d
577 418 40 96
B>10
1
1
4
o
428 528 35 200
2*B-1
0
1
5
o
750 539 35 158
4*B
0
1
5
c
448 607 45 74
B<-B/2
0
1
6
i
1176 335 35 113
C
0
1
3
d
1180 405 40 78
C>5
0
1
9
o
1051 484 35 185
"DA"
0
1
10
o
1322 499 35 185
"NU"
0
1
10
o
1177 564 35 158
3*C
0
2
11
12
o
905 645 35 200
2*X-1
0
2
13
7
t
916 727 30 40
STOP
0
1
14
1 0 856 93
2 1 856 116
2 0 856 168
3 1 856 199
3 2 817 249
4 1 577 309
4 0 577 361
5 1 577 388
5 2 529 438
6 1 428 503
6 0 428 545
8 1 448 585
8 0 448 629
5 0 577 488
5 3 625 438
7 1 750 514
3 3 895 249
9 1 1176 300
9 0 1176 352
10 1 1180 375
10 2 1141 425
11 1 1051 459
11 0 1051 501
13 1 1177 539
10 3 1219 425
12 1 1322 474
12 0 1322 516
13 1 1177 539
13 0 1177 581
14 1 905 620
7 0 750 556
14 1 905 620
14 0 905 662
15 1 916 697
905 662
916 696
